200 200 200
1 197
1 83
2 110
1 199
2 11
2 76
1 68
2 132
1 189
1 45
1 60
1 135
2 76
2 151
1 45
2 135
1 145
2 179
1 8
2 46
1 61
2 11
1 175
1 4
2 113
2 63
2 138
2 75
1 181
1 8
2 131
1 68
2 44
2 199
2 66
2 176
2 30
1 125
2 80
2 15
1 60
1 188
1 15
1 91
1 102
1 19
2 104
1 189
1 23
1 133
1 83
1 109
1 6
2 186
2 81
1 14
1 70
2 12
2 116
1 46
1 86
2 154
1 60
2 49
1 192
1 175
2 107
2 38
1 62
1 3
2 41
1 175
1 127
1 175
2 183
2 101
2 85
2 125
1 104
1 160
2 17
1 4
1 82
2 146
2 13
2 7
1 64
2 140
1 152
2 118
1 171
2 14
1 100
2 122
1 154
2 195
2 114
2 133
1 1
1 73
1 35
1 150
1 79
2 124
1 112
1 176
2 141
2 123
1 177
1 123
2 93
1 24
1 137
2 64
2 183
1 116
1 104
2 1
1 60
2 71
2 183
2 109
2 30
1 139
1 38
1 175
2 78
2 65
2 88
2 167
2 100
1 186
2 173
1 30
1 25
1 110
1 157
2 70
1 199
1 47
1 147
2 142
1 174
1 53
2 150
2 33
2 72
2 171
2 176
1 31
1 45
1 168
2 179
2 73
1 39
1 157
2 30
1 161
2 142
2 149
1 19
2 30
1 172
2 87
2 35
2 27
1 129
1 133
2 72
2 168
1 190
2 7
2 121
1 78
2 189
2 167
2 8
2 151
1 15
1 126
1 62
1 3
1 36
1 141
1 188
2 2
1 133
2 164
1 35
2 23
1 148
2 5
2 35
2 163
2 169
2 121
1 119
1 93
1 94
1 48
1 3 177
2 45 147
2 114 142
2 151 17
2 186 109
2 27 100
1 2 60
1 2 198
2 78 147
1 2 178
2 123 66
2 101 190
2 140 85
2 93 12
1 1 144
1 2 62
1 2 99
2 4 123
1 2 51
2 4 27
2 2 167
2 189 126
2 48 109
2 8 152
1 4 87
1 1 16
2 122 112
1 5 107
2 172 183
2 5 101
2 157 31
2 157 109
2 79 125
2 116 79
1 2 193
2 82 14
1 2 25
1 2 174
2 163 85
1 2 28
2 64 110
1 1 37
1 4 78
1 3 199
1 1 20
1 2 139
2 64 61
2 169 179
2 163 102
1 1 196
2 163 6
1 3 118
1 5 88
1 3 13
1 6 196
2 87 129
2 102 61
2 87 5
1 1 158
1 8 30
1 2 45
1 2 56
2 7 49
1 2 57
2 31 83
2 27 1
1 3 60
1 2 3
2 57 196
1 4 75
2 109 183
1 4 135
2 161 154
1 3 6
2 169 60
2 73 161
1 3 101
1 2 106
1 3 7
1 3 99
1 4 71
2 144 198
1 2 191
1 1 108
2 49 28
2 139 71
2 135 82
1 3 158
1 5 158
2 169 57
1 3 175
1 6 28
2 71 88
2 81 27
2 1 76
2 75 157
2 25 107
2 135 4
1 1 155
1 3 109
1 2 34
2 61 155
2 198 106
2 118 132
2 80 148
2 135 172
1 3 126
1 3 140
2 56 127
1 2 190
1 3 195
1 2 97
2 169 144
1 3 83
2 188 163
2 91 138
1 4 106
1 2 52
2 173 82
2 114 99
2 38 119
2 17 197
2 138 97
1 4 174
1 5 175
2 161 12
1 2 24
1 5 8
2 86 160
1 5 186
1 4 104
2 190 11
1 4 80
1 3 168
2 46 133
2 24 112
2 116 186
2 199 1
2 41 70
2 135 38
1 3 97
2 88 34
1 4 46
1 6 175
1 6 147
2 181 41
1 7 179
2 17 154
1 4 195
2 70 150
1 3 53
1 3 36
1 3 47
1 1 105
1 2 94
2 66 141
1 5 33
2 85 33
2 189 122
1 4 68
1 4 199
2 195 175
2 138 151
1 6 199
1 7 63
2 104 7
2 129 19
2 88 116
2 137 179
1 5 132
1 1 194
1 5 87
1 7 141
1 3 163
2 138 169
1 6 46
2 35 16
2 73 118
1 2 137
2 196 19
1 4 137
2 133 28
1 6 61
1 4 173
1 3 131
2 94 11
1 7 199
2 70 66
1 2 134
1 3 190
2 129 145
2 33 7
1 9 75
2 17 46
2 192 94
1 3 79
1 4 113
2 125 30
1 2 48
2 81 112