2000 2000 200
1 463
1 1130
1 521
1 254
1 1592
3 608
1 595
1 1985
3 902
2 23
2 831
1 1562
1 290
2 1224
2 869
2 1186
3 229
3 220
2 703
2 1585
1 167
1 1021
2 901
3 1089
1 115
3 419
2 1329
3 1643
3 1601
3 983
2 603
1 999
2 121
1 1074
2 1692
1 111
1 1862
3 1117
2 1134
2 1484
3 927
3 1666
1 297
3 23
3 1871
1 1833
2 1175
2 1288
2 877
2 27
2 304
2 473
2 1971
1 849
2 430
2 387
1 1131
3 1284
2 1129
3 1102
2 812
2 1662
2 955
1 1364
2 1344
2 167
2 764
3 846
1 1680
1 232
2 165
2 1637
1 1877
2 890
2 640
2 1233
1 1416
2 183
3 485
2 1852
3 562
3 1190
1 766
3 511
3 1340
1 1506
1 1348
1 1554
2 1839
3 1587
1 1406
2 1583
1 1524
2 946
1 904
3 527
1 324
2 601
3 1352
2 58
2 1832
2 1152
1 121
3 1098
3 584
2 1119
2 116
3 1736
3 1247
1 130
1 1521
1 1245
3 1781
1 911
2 218
3 833
3 754
1 656
3 262
2 718
3 81
3 111
1 1649
2 1453
3 585
2 980
1 1938
3 854
1 1669
2 216
1 1586
3 771
1 44
2 1428
3 1435
3 1661
1 1545
2 18
1 693
2 668
2 371
2 1801
3 1770
3 1082
3 724
1 260
1 1506
1 1984
1 1941
1 955
2 486
2 839
1 352
3 1288
2 1056
2 1559
3 780
3 834
2 1081
1 602
2 99
1 852
1 1433
1 297
1 1918
1 310
1 1129
2 748
2 1894
1 961
1 1555
2 701
2 1108
3 622
1 1663
2 1141
3 1121
2 1559
1 471
3 989
1 1861
1 1140
2 1091
2 765
2 251
2 78
3 173
3 1679
1 1355
2 1710
1 173
2 315
1 1758
2 653
3 1020
3 60
2 1596
2 229
3 388
3 617
3 704
1 1965
3 1134
3 1019
1 705
1 1328
2 1922
2 1501
2 1162
1 1702
3 1833
3 38
2 1474
1 1049
2 1389
1 1040
1 100
2 1552
3 1606
1 483
3 983
3 1030
3 1582
2 954
3 69
1 1923
2 253
1 620
3 856
3 1792
3 237
3 402
2 1879
3 1639
3 1222
2 1063
3 1068
3 1759
2 513
3 530
2 1808
1 1651
1 616
1 620
3 1148
2 699
2 1348
1 976
1 553
2 736
3 845
3 1749
3 1088
2 1995
3 92
2 309
3 1994
2 214
2 1147
1 40
1 304
2 1961
1 514
2 361
1 203
2 1997
2 235
3 783
3 1924
1 395
1 1390
3 1075
2 1076
3 1068
3 1716
3 640
1 259
2 698
1 456
2 1117
1 1516
2 1997
1 144
1 1092
1 1399
2 30
3 1783
3 1213
3 204
3 134
3 549
3 1170
1 1254
2 1455
3 1476
3 1916
1 1756
2 64
2 1085
2 1908
3 1929
3 1204
2 1575
1 1506
3 1812
2 563
1 158
3 1872
3 1175
3 118
3 248
2 903
1 540
2 1591
3 400
1 287
1 106
1 157
2 319
3 978
1 1179
3 755
1 589
2 89
1 1080
3 1825
3 612
1 93
2 1610
2 1264
1 1084
1 518
1 1402
3 378
1 142
3 1310
2 1089
1 743
1 660
3 989
1 856
3 1279
3 1110
2 1934
3 1992
2 1709
3 814
1 1240
3 762
2 1930
1 1188
2 1220
2 647
3 509
3 466
1 1165
3 152
1 321
2 1408
3 1258
2 901
2 1438
2 536
2 389
3 713
1 173
3 1938
1 1622
2 636
3 1799
3 1063
3 72
1 262
3 1078
3 1761
3 1698
1 1250
3 785
2 696
1 493
2 1559
3 883
2 54
1 948
2 800
3 532
3 260
1 1710
1 1428
3 142
2 473
2 85
1 1358
1 728
2 880
2 369
2 1413
3 13
2 1090
3 1756
2 819
3 1989
3 1159
1 1071
2 353
3 121
2 217
2 99
1 1145
2 658
2 1712
1 1952
3 1634
1 1338
2 1941
1 656
2 310
3 616
1 274
2 1212
3 1870
2 1015
2 1120
2 700
1 995
2 207
3 598
3 1002
2 1102
3 42
2 624
2 1791
1 1832
2 271
3 1188
3 1715
3 1145
1 1369
3 1438
1 1681
1 348
2 880
2 1524
2 1104
2 1945
3 957
1 1745
1 1241
2 249
1 1529
1 126
3 1222
3 1668
2 894
3 1779
2 1888
1 5
3 484
1 1769
1 192
2 1331
3 1332
3 202
1 863
2 937
1 1079
3 831
2 1493
2 1310
3 310
2 1743
2 1292
1 1469
1 59
1 1622
2 1084
1 1741
2 1933
2 954
3 1199
1 1928
1 535
3 119
2 1406
1 1608
2 1329
1 1347
1 850
1 1060
1 341
1 361
2 483
3 1238
1 1546
1 258
2 1339
2 1671
1 1947
2 1862
3 131
2 272
3 1904
1 318
1 532
1 1050
3 498
3 1028
1 1030
3 1054
3 235
2 592
3 307
2 725
3 1298
1 1100
1 131
2 1592
3 1570
1 673
3 1008
3 352
3 1443
1 790
1 547
1 838
2 1182
1 566
3 709
2 1651
3 1677
2 1530
1 1758
2 47
1 1815
3 954
3 249
3 469
3 1751
3 48
1 1196
3 1949
2 1989
2 1556
1 1875
1 1007
2 890
1 1967
3 533
3 1638
3 1760
1 59
3 156
2 1897
3 750
2 1792
1 1568
2 627
1 1135
2 1864
3 588
3 299
3 1451
1 1867
1 1927
3 1307
1 828
1 1603
2 987
3 1325
3 249
2 296
2 720
2 744
2 333
3 276
2 752
2 1734
2 863
1 1919
1 404
3 1648
2 794
1 66
2 356
3 1423
3 1751
3 87
3 811
1 1436
2 1421
2 1511
2 1632
2 1168
1 999
3 1993
3 1836
2 1012
2 317
2 1641
2 1881
1 1345
3 1240
3 1437
1 1377
2 576
2 289
3 241
1 1306
3 1866
1 417
3 1675
3 400
3 1048
1 1458
1 1702
3 1818
1 1299
3 1404
1 1163
3 1762
2 51
3 1240
1 1474
3 272
2 1683
2 1983
2 885
3 1086
3 1642
3 763
1 203
3 1189
3 1491
1 868
1 1424
1 14
2 517
1 1106
3 939
1 1025
1 363
1 1440
1 1669
3 953
3 1212
3 535
1 1752
3 1724
1 307
3 318
2 860
1 1430
3 1735
1 784
1 123
3 1294
3 1106
2 245
2 1901
2 990
2 461
2 1958
1 539
2 1102
3 722
2 204
3 223
3 1769
3 1416
2 161
3 1394
2 870
2 1241
2 1901
2 1212
3 1022
3 862
1 920
3 294
2 1692
1 1408
1 158
3 26
1 23
2 1144
3 485
1 1472
1 1129
2 271
1 743
2 1298
2 42
1 1069
2 1326
2 264
3 1108
2 1053
3 626
1 556
3 1776
1 519
1 1468
2 1910
2 327
3 404
3 406
3 1967
1 689
2 1196
2 1527
2 1585
2 1144
1 1562
1 1706
2 1557
1 1141
2 949
2 1415
1 1603
1 144
2 728
3 1271
3 452
3 372
3 250
3 1475
1 274
1 1879
1 390
1 1381
3 85
3 933
1 611
2 693
3 1511
1 1893
3 44
3 204
2 1312
2 1265
2 1528
2 1475
1 1290
3 338
1 497
1 1747
1 1885
2 448
3 1456
1 1894
2 1122
3 245
1 1438
1 483
1 547
1 474
1 500
2 69
1 233
1 1191
1 1979
1 1077
3 300
2 1558
3 540
3 618
1 1685
1 1696
1 944
1 671
1 558
2 350
2 1872
3 91
3 303
3 1640
3 869
2 1769
2 322
3 1496
2 1336
2 1762
1 1631
1 1975
3 418
1 813
1 1968
3 1069
2 651
2 1605
1 1453
3 1124
2 494
3 321
1 1167
2 1317
3 787
2 1676
1 1920
1 697
1 242
2 1647
2 1656
3 1560
2 1366
1 33
3 1649
1 668
3 1350
3 1373
1 708
2 1773
1 957
3 1147
1 40
3 358
2 514
2 1044
2 1785
1 1294
3 1311
3 209
3 1901
2 1582
2 126
3 1723
1 464
1 1809
1 1846
3 828
2 824
2 1918
3 721
2 1740
3 752
3 847
3 616
2 500
2 49
1 1660
3 548
3 1117
2 1123
3 1823
1 926
1 80
3 943
3 817
2 1439
2 839
2 719
1 1691
3 96
3 1434
1 939
2 517
2 1658
2 1122
2 973
3 937
1 966
1 1736
1 1709
2 1728
1 1517
3 22
1 1621
3 1938
2 168
1 1971
2 701
2 826
2 832
1 1482
3 175
2 318
3 1149
3 99
1 1667
2 1434
2 1226
2 392
1 562
1 1701
3 1486
3 944
2 1590
2 425
2 516
1 534
2 599
2 783
2 995
3 418
2 239
1 495
2 1414
2 813
1 231
3 1091
3 1572
3 1952
1 502
3 1172
3 392
3 789
1 583
1 1035
3 1049
2 403
1 451
2 1520
1 353
2 437
1 674
2 1101
2 1673
1 1699
3 1342
1 1850
3 139
3 1927
1 239
2 657
2 1774
2 1480
2 670
3 475
3 604
3 1185
3 1477
1 1729
2 1614
2 1562
2 1533
2 1548
3 493
1 220
2 1197
2 820
3 178
1 1776
1 209
2 1330
3 1670
1 512
1 1615
1 1969
3 1921
3 1955
3 35
3 1048
3 1774
1 1956
2 1267
3 1105
3 1669
3 1355
1 666
1 1397
2 223
3 1746
2 849
2 284
3 1604
2 1536
3 1456
1 496
1 1023
1 1984
2 496
1 218
1 1079
1 58
2 1067
2 882
2 1479
2 167
3 282
3 1618
2 422
2 1137
2 516
2 979
2 1151
3 1055
1 1461
2 30
3 409
1 1004
2 659
2 923
3 1823
3 1872
3 1834
2 1252
1 792
2 948
3 112
2 689
1 302
2 1265
1 384
1 189
3 1130
1 1089
1 339
3 607
1 1221
1 1836
2 625
3 417
2 1832
3 443
3 915
2 363
1 1692
3 1831
2 1843
3 1511
1 778
2 89
1 1194
3 1246
3 827
2 43
1 1631
2 1641
2 728
1 1813
1 174
3 1136
1 1642
1 1616
1 1005
3 1165
2 1290
3 421
3 1991
2 105
1 145
2 941
3 1205
2 1388
3 7
2 834
1 255
1 1280
1 1303
3 1836
1 1023
1 1326
2 377
3 452
1 1645
3 1854
3 501
2 1459
3 1906
2 123
1 1494
2 274
1 712
3 219
1 707
3 1643
1 775
1 1930
1 1159
2 1718
1 1977
3 815
2 329
2 1452
2 1558
2 724
2 1955
2 1030
1 968
3 690
2 591
3 1197
2 487
2 1377
1 1524
3 1819
2 557
2 476
2 732
2 904
1 1970
3 361
1 160
1 637
3 1215
3 4
2 1753
2 1363
1 254
2 788
2 1232
3 1940
3 264
2 515
1 670
3 615
3 1300
3 1738
3 1052
2 583
1 1950
3 1313
3 867
3 412
3 956
2 1746
1 1820
2 912
1 1594
2 1366
1 192
3 218
1 1662
2 549
1 1864
3 1045
3 1939
3 873
3 1677
3 1209
3 1106
1 1595
2 759
1 1807
2 211
1 228
1 961
3 864
2 272
2 972
2 1666
2 1509
2 1745
3 765
1 917
2 376
2 1455
1 976
1 1761
1 1281
1 1188
2 125
1 721
1 1417
1 296
3 1358
2 1692
3 745
2 85
2 1660
2 1501
3 427
1 1283
3 591
1 411
3 1638
2 668
3 1377
2 1504
2 213
1 840
1 219
1 293
3 1473
3 320
2 1702
1 932
1 1697
1 878
1 202
3 420
3 1711
1 363
1 65
1 399
2 469
2 479
3 916
1 942
2 171
1 1011
1 1387
2 298
2 1930
1 1985
1 1744
3 668
3 859
3 1473
2 44
3 1261
3 40
1 557
3 1672
1 645
3 25
1 1341
1 1324
3 927
1 1927
2 891
3 1682
3 51
3 507
1 15
1 802
3 1066
2 910
3 290
1 1543
2 876
3 1514
1 1742
3 1832
2 1028
2 198
3 1644
1 1071
1 25
2 781
1 1476
3 484
1 1958
1 647
1 1199
3 1873
3 930
1 1006
2 1527
2 1823
1 1752
3 1369
2 516
1 374
1 1551
2 1635
1 1456
2 1937
1 1858
3 1236
3 627
1 1367
1 1512
3 1797
3 1767
2 257
1 187
2 1664
3 36
2 58
1 388
1 76
3 211
1 889
2 732
2 1124
1 734
3 903
2 396
1 256
3 1134
1 1279
1 1245
1 1993
2 11
1 1944
1 1768
1 1113
2 526
3 188
2 1734
1 471
2 1745
3 1059
2 752
3 446
2 1052
3 616
3 1375
3 934
3 1129
2 610
2 1468
2 1640
1 64
3 746
3 1776
1 542
2 1883
3 1131
2 1411
3 559
2 770
1 1004
3 544
2 1222
2 1502
3 407
1 719
1 779
2 249
3 52
1 1656
1 503
3 252
2 1757
2 1078
2 1892
3 14
1 1579
1 1552
1 25
3 1819
3 1447
3 529
2 1313
2 1337
2 1961
3 1696
2 1332
1 132
1 1579
1 1527
1 347
2 978
3 1542
2 608
3 432
2 1423
1 962
2 130
3 954
3 1345
1 1785
2 1639
2 1300
3 691
1 4
1 696
3 454
2 446
3 156
3 1326
3 313
3 362
1 1529
3 1762
3 471
2 704
3 1077
1 573
1 920
2 858
3 616
3 1880
1 1636
3 960
1 621
1 1628
2 1287
2 620
3 1035
1 1426
3 999
2 246
2 396
1 1587
2 110
2 264
3 1112
2 1320
3 1494
3 186
2 1785
1 602
3 279
3 1478
3 1880
2 1361
2 1898
2 644
2 942
1 888
1 1096
2 1837
2 1555
1 486
2 1035
2 1435
1 849
2 390
2 1626
2 1222
2 1472
2 335
1 1232
1 440
1 1147
2 1692
3 1077
2 1690
3 1929
2 1620
3 1507
3 547
1 1188
1 978
2 657
1 367
3 868
1 1821
2 842
3 948
3 1155
3 671
1 694
3 1213
3 762
2 1073
2 1150
1 835
3 1298
2 797
3 411
1 1662
3 995
2 1994
2 903
2 1415
1 1815
2 1682
3 1273
2 1400
1 55
3 670
2 156
1 138
3 1675
1 1239
2 1752
3 1924
3 269
2 1974
3 791
1 1394
2 1798
3 1812
2 560
3 1530
2 30
3 1833
1 1998
1 1416
3 1168
2 864
1 73
2 962
3 1507
3 1473
1 1802
2 1779
1 1600
1 805
3 538
1 1060
2 338
2 1316
3 1459
3 93
1 32
2 1113
1 1293
1 1767
2 467
1 1963
1 65
2 1948
2 6
1 1573
2 600
3 1685
2 1552
1 1134
2 11
1 1305
2 1003
1 961
2 628
1 20
1 143
2 213
1 1354
1 1788
3 1750
2 1557
1 1192
2 1981
3 553
3 1576
3 1847
1 1661
2 1633
3 1384
2 766
2 663
3 1702
1 158
1 679
2 148
2 34
2 611
1 1708
3 1468
2 46
1 1296
2 1973
1 296
2 531
1 1406
3 507
3 1090
1 1449
1 870
3 1224
1 1987
2 1290
3 1537
2 1363
2 1362
2 606
1 1176
1 871
2 459
2 959
3 596
1 364
3 1172
1 6
2 286
1 1707
3 200
3 252
1 1423
3 494
1 1184
2 650
2 511
2 956
2 1284
3 472
2 569
1 1728
2 1662
2 911
2 1173
3 962
2 214
3 586
2 299
2 11
2 1157
3 1520
2 1542
2 1013
2 1381
3 1211
2 1533
2 1287
3 14
2 1332
1 1771
3 524
3 1642
2 1971
1 23
3 204
2 1505
3 210
2 971
2 337
1 525
3 554
1 465
1 1666
2 1398
1 1027
1 848
2 1642
1 1494
3 663
3 210
2 928
3 1509
3 1951
3 1808
2 528
3 92
3 1347
2 1747
3 784
2 677
2 990
1 1572
1 1738
1 441
3 1271
3 1725
3 984
3 271
2 1095
3 404
2 130
3 1507
2 441
3 997
1 1569
2 1196
1 1572
3 1608
1 814
3 1315
3 177
1 822
3 771
3 369
1 1515
1 584
2 855
2 1905
2 681
2 71
1 997
1 1769
3 885
1 779
3 421
1 1140
1 343
3 1135
1 496
3 1147
3 970
2 1002
3 768
2 70
1 1269
3 1239
2 461
2 1438
1 1393
2 605
1 1679
3 1341
2 1385
3 327
3 1970
1 1819
2 1396
2 1772
1 236
2 18
1 1931
1 1767
3 823
1 1370
1 329
1 687
3 1949
3 173
1 389
3 798
2 758
3 1443
2 1849
1 1725
1 1035
3 293
1 173
2 38
2 1941
2 1661
1 1212
2 144
1 1774
1 1060
1 1133
2 453
3 78
1 1826
2 265
3 1566
2 109
3 96
2 1595
2 260
1 455
2 1608
1 1690
1 1328
3 514
1 434
1 64
3 1915
3 552
1 1768
2 757
1 1533
2 179
3 434
3 1699
3 1409
3 1803
2 1482
2 1811
1 1183
1 1417
1 904
3 1614
2 800
3 167
1 1157
3 204
3 1692
2 1372
2 91
2 215
2 1102
1 1267
2 1683
1 1224
3 1950
2 1140
1 773
1 1159
3 1204
3 312
3 202
3 63
1 1978
1 1224
3 796
2 518
3 1722
1 702
3 1971
1 392
2 859
3 626
2 361
2 316
3 744
3 845
1 1430
1 1868
3 1576
2 808
2 1796
3 49
3 1893
2 156
2 443
1 659
2 920
3 1539
3 1028
2 1868
1 42
1 1285
1 409
1 789
3 836
3 1131
3 403
2 294
1 1120
3 1662
2 442
3 1786
3 901
1 887
3 1095
1 375
2 1596
2 256
2 1364
2 1225
3 2000
2 1904
2 281
1 519
1 953
1 674
3 1424
2 1355
3 560
2 1567
1 689
3 622
3 30
3 1614
3 342
1 360
2 1483
3 794
2 1511
2 1043
3 434
1 1642
1 1501
1 664
1 555
3 697
3 1362
1 512
3 142
3 1344
3 335
1 1411
2 1046
3 1334
3 395
3 1419
2 1418
2 662
3 1650
3 1344
2 1237
1 1352
3 11
1 669
2 1486
3 1605
3 911
3 265
3 111
1 1766
1 1015
1 253
3 1106
2 484
3 1694
3 1572
3 1550
3 361
2 826
2 757
1 1805
2 845
3 1062
3 794
3 1144
2 281
2 1035
2 1579
2 712
1 1670
2 145
3 1634
2 967
3 909
1 1889
3 1208
2 1836
3 1576
1 661
1 1350
1 32
1 63
3 997
2 772
1 206
3 27
2 219
1 1532
2 254
2 309
2 1743
2 759
2 905
1 1719
2 1627
2 1454
2 1016
2 472
3 1687
2 617
1 1620
1 419
1 269
1 1842
1 1477
1 384
1 757
3 1377
2 1750
3 1193
3 1544
3 1040
3 622
1 1941
1 240
2 200
1 872
3 879
1 1333
1 1970
1 220
2 1503
1 833
3 726
3 1986
3 94
1 45
2 1166
2 36
3 1877
2 784
2 307
3 636
1 1278
2 1046
3 1566
1 1137
1 1616
3 693
2 1543
1 653
2 758
2 648
2 360
1 841
1 824
1 1112
2 1849
2 63
1 416
3 109
1 1733
3 406
3 373
1 1296
3 1203
1 1656
1 1346
3 219
2 780
3 1806
3 207
3 759
2 1323
1 417
1 1269
2 1675
1 119
2 730
3 1853
2 1363
3 1962
1 386
1 305
3 1398
1 316
1 1521
2 88
1 1453
2 567
3 1970
3 941
1 1857
2 308
2 413
2 297
2 1852
1 1788
3 1051
3 851
2 1991
2 199
3 1876
1 1429
3 922
1 1439
2 1635
2 585
3 1934
1 525
2 1216
3 295
2 253
3 1001
1 1 1624
1 3 1439
2 1320 941
2 1592 905
2 934 1055
2 548 256
1 2 330
2 1548 835
1 2 1681
2 1701 274
1 3 632
2 1436 1679
1 5 255
1 3 918
2 1770 1016
2 371 407
2 1744 109
2 932 1973
1 4 838
1 3 900
1 3 1405
1 1 1612
2 1258 72
2 1915 814
1 2 429
2 841 1905
2 1627 1361
2 497 1507
1 7 1992
2 1258 87
1 4 1542
1 3 1637
1 2 1878
2 519 1740
2 995 1566
2 763 1986
2 1676 1650
2 1881 758
2 1504 289
1 1 439
2 1570 1783
1 2 680
1 3 101
1 4 1035
2 403 973
1 2 1932
1 6 1077
1 3 1138
2 961 855
1 1 753
2 511 1189
1 3 855
1 1 676
1 4 72
2 944 160
2 87 1650
2 1100 1836
2 23 1604
1 1 994
1 1 1499
1 5 909
1 3 701
2 281 519
1 4 1069
2 610 558
1 1 95
1 2 1299
1 5 1165
2 1566 289
1 4 404
1 4 119
2 1676 1220
1 4 946
1 2 844
1 7 1877
2 888 1760
1 1 222
2 901 1138
2 1315 797
1 3 1388
1 2 1248
1 1 991
2 55 1451
2 1438 937
2 1661 1928
1 8 1136
2 1434 1516
2 399 1285
1 2 275
1 4 18
2 231 236
2 1725 1533
1 3 1428
2 93 1264
2 677 43
1 3 835
1 4 1138
1 5 616
2 1073 687
1 8 1592
1 3 992
1 1 1789
1 3 126
2 618 399
2 99 1734
1 4 376
2 48 464
2 353 887
1 3 1103
1 4 276
2 1355 1140
1 5 1069
1 2 1269
1 3 329
2 387 1354
1 5 188
1 3 1510
2 516 805
1 3 965
2 573 1134
1 3 1932
1 6 584
1 3 1445
1 3 1743
2 698 1880
1 6 1409
2 487 1079
2 308 1439
2 555 1385
1 4 700
1 3 1361
2 1311 1878
1 3 263
2 1247 324
1 2 1956
2 1129 1970
2 718 1677
1 3 366
1 3 384
1 4 842
2 1873 1337
2 1279 1477
1 5 1587
2 1502 1832
2 1669 400
1 3 1609
2 833 719
1 5 1461
1 3 356
2 573 1197
1 4 1779
1 3 725
1 1 739
1 3 1665
1 8 598
2 1040 1204
2 432 1562
2 540 1897
1 2 1285
2 1312 1135
1 3 1985
1 3 1945
2 493 920
2 1046 1592
1 3 284
2 827 55
1 5 471
1 2 336
2 697 1862
1 3 1010
2 242 645
2 1435 949
1 4 1961
1 11 1325
2 1150 259
2 1021 621
1 2 1532
1 2 305
2 1587 232
2 1544 650
2 1888 1624
2 316 1226
1 4 1358
2 585 736
2 882 2000
1 4 1474
2 978 362
1 3 450
2 926 1184
1 3 1673
1 2 159
1 5 434
1 6 36
1 6 937
1 3 1886
1 5 662
2 1947 591
1 4 66
1 5 308
1 3 1178