200 100 200
1 1
1 1
1 2
1 2
2 3
1 3
2 4
1 4
1 5
1 5
2 6
1 6
1 7
2 7
2 8
1 8
2 9
1 9
1 10
1 10
2 11
2 11
2 12
2 12
1 13
1 13
1 14
2 14
2 15
2 15
2 16
1 16
1 17
2 17
1 18
2 18
1 19
2 19
1 20
2 20
2 21
1 21
1 22
2 22
1 23
2 23
1 24
1 24
1 25
1 25
2 26
1 26
2 27
2 27
2 28
1 28
1 29
2 29
2 30
2 30
1 31
2 31
2 32
1 32
2 33
2 33
1 34
2 34
1 35
1 35
1 36
1 36
2 37
1 37
1 38
2 38
2 39
2 39
2 40
2 40
2 41
1 41
2 42
2 42
2 43
1 43
2 44
2 44
1 45
2 45
2 46
1 46
1 47
2 47
2 48
1 48
1 49
2 49
1 50
2 50
2 51
2 51
2 52
1 52
1 53
1 53
2 54
2 54
2 55
1 55
1 56
2 56
2 57
2 57
1 58
2 58
1 59
1 59
2 60
1 60
2 61
2 61
1 62
2 62
1 63
2 63
2 64
2 64
2 65
1 65
2 66
2 66
1 67
1 67
2 68
1 68
1 69
1 69
1 70
1 70
1 71
1 71
1 72
2 72
1 73
1 73
2 74
1 74
1 75
1 75
2 76
1 76
2 77
2 77
1 78
1 78
2 79
2 79
2 80
2 80
1 81
1 81
2 82
2 82
1 83
1 83
2 84
1 84
1 85
1 85
1 86
2 86
2 87
1 87
1 88
1 88
2 89
2 89
2 90
2 90
1 91
2 91
2 92
2 92
1 93
2 93
1 94
2 94
2 95
1 95
1 96
2 96
1 97
2 97
1 98
2 98
2 99
1 99
1 100
1 100
1 3 60
2 95 78
1 3 10
1 3 80
1 3 34
1 6 30
2 70 71
2 8 86
2 75 29
2 57 75
2 92 86
2 100 57
2 35 68
1 6 21
2 5 73
1 5 57
1 3 28
1 4 67
1 3 86
1 3 4
2 31 58
1 8 33
2 35 50
2 96 81
1 4 94
1 4 76
2 32 86
1 5 49
2 75 39
1 3 97
1 2 5
1 3 43
2 40 12
2 80 86
2 15 75
1 4 35
1 5 19
1 4 79
1 4 60
2 75 89
1 3 31
1 3 82
2 12 53
1 3 77
2 34 68
1 4 54
1 5 66
2 11 50
2 90 36
1 5 78
1 5 43
2 88 70
2 45 53
1 3 45
2 22 42
2 74 46
2 36 83
1 4 28
1 4 85
2 10 51
1 4 90
1 6 10
2 94 43
2 43 53
2 55 18
2 30 22
1 3 36
1 5 28
2 22 61
1 5 79
1 4 59
1 3 92
1 3 95
2 78 70
1 5 34
2 52 96
1 6 79
1 3 8
1 3 9
2 15 95
2 16 79
1 4 100
2 99 28
1 7 19
2 80 85
2 12 68
2 96 30
1 3 15
1 6 75
1 7 10
1 7 34
2 72 21
1 4 4
2 20 100
1 3 12
1 6 49
1 3 5
2 57 90
2 32 14
2 27 58
1 3 3
1 3 63
1 4 38
2 32 29
1 4 89
2 23 90
2 48 80
2 27 91
1 6 42
2 56 17
1 9 100
1 7 52
2 61 58
1 3 47
1 8 60
1 5 9
2 48 23
2 14 49
1 5 45
1 3 93
2 81 65
2 11 41
2 7 30
1 7 78
2 12 93
1 6 43
2 31 72
2 21 80
1 4 11
1 5 11
1 2 73
2 5 11
2 28 42
1 5 26
2 44 92
2 9 17
2 12 96
2 55 8
2 18 80
2 71 57
2 65 12
2 77 11
2 89 25
2 92 31
2 85 32
1 6 57
1 2 88
1 3 68
2 93 33
1 5 36
2 73 2
2 68 48
1 4 27
1 2 2
2 85 57
2 95 27
2 77 6
2 77 49
1 4 3
2 58 42
1 8 28
1 3 74
2 64 29
2 68 65
1 5 68
2 54 100
2 48 74
1 9 80
2 95 78
2 94 79
1 6 9
2 70 23
2 8 41
1 4 72
1 3 22
1 3 37
2 88 40
1 7 92
1 6 82
1 3 64
1 6 13
2 25 46
1 9 75
1 5 74
2 88 84
1 5 62
1 6 41
2 63 99
1 3 16
2 100 57
1 10 100
2 12 18
2 82 25
1 4 97
2 26 60
2 51 77
1 7 67
2 44 42
2 51 85
1 6 40